3056
2828
3389
3152
3137
2831
3341
2852
3242
2966
3188
2927
3083
2870
3056
3560
3074
3155
3062
3107
3158
3266
2888
2747
2858
2981
3245
2585
3191
3086
3068
2825
2930
3101
3368
3218
2888
2849
3065
3242
3038
3440
2855
2819
3095
3002
2915
2864
2909
2999
2882
3080
3071
2933
3374
2876
2885
3269
2942
2759
2966
2918
3131
2939
3050
2966
3296
3149
2990
3278
3227
2921
2717
2942
2780
2852
3023
2627
2849
3179
2984
2951
3263
2912
3149
3416
3125
2945
2966
2870
3182
2702
2930
3284
3089
3113
2816
3218
3173
3188
2786
3098
3218
3410
2780
3497
2975
3317
3317
2672
3566
3104
2921
3095
3386
2675
2942
2990
2876
2819
2771
2795
2876
3077
2732
2726
3197
3218
3476
3158
2531
2894
2987
3074
2852
3434
3146
2957
2930
2822
3143
3032
2624
2954
3131
3008
2834
2810
2909
2909
2879
3170
3047
3305
2930
3299
3011
3020
2744
2909
3083
2840
3200
3161
3194
2945
3353
3002
3212
3392
2987
3062
2909
3044
3236
3035
2978
2909
3002
2831
3188
2987
3308
2969
3029
2873
3143
3281
2927
2906
3452
2948
2678
3275
3368
3182
2729
2720
3164
2939
