1002
1002
926
926
1113
1113
1034
1034
1029
1029
927
927
1097
1097
934
934
1064
1064
972
972
1046
1046
959
959
1011
1011
940
940
1002
1002
1170
1170
1008
1008
1035
1035
1004
1004
1019
1019
1036
1036
1072
1072
946
946
899
899
936
936
977
977
1065
1065
845
845
1047
1047
1012
1012
1006
1006
925
925
960
960
1017
1017
1106
1106
1056
1056
946
946
933
933
1005
1005
1064
1064
996
996
1130
1130
935
935
923
923
1015
1015
984
984
955
955
938
938
953
953
983
983
944
944
1010
1010
1007
1007
961
961
1108
1108
942
942
945
945
1073
1073
964
964
903
903
972
972
956
956
1027
1027
963
963
1000
1000
972
972
1082
1082
1033
1033
980
980
1076
1076
1059
1059
957
957
889
889
964
964
910
910
934
934
991
991
859
859
933
933
1043
1043
978
978
967
967
1071
1071
954
954
1033
1033
1122
1122
1025
1025
965
965
972
972
940
940
1044
1044
884
884
960
960
1078
1078
1013
1013
1021
1021
922
922
1056
1056
1041
1041
1046
1046
912
912
1016
1016
1056
1056
1120
1120
910
910
1149
1149
975
975
1089
1089
1089
1089
874
874
1172
1172
1018
1018
957
957
1015
1015
1112
1112
875
875
964
964
980
980
942
942
923
923
907
907
915
915
942
942
1009
1009
894
894
892
892
1049
1049
1056
1056
1142
1142
1036
1036
827
827
948
948
979
979
1008
1008
934
934
1128
1128
1032
1032
969
969
960
960
924
924
1031
1031
994
994
858
858
968
968
1027
1027
986
986
928
928
920
920
953
953
953
953
943
943
1040
1040
999
999
1085
1085
960
960
1083
1083
987
987
990
990
898
898
953
953
1011
1011
930
930
1050
1050
1037
1037
1048
1048
965
965
1101
1101
984
984
1054
1054
1114
1114
979
979
1004
1004
953
953
998
998
1062
1062
995
995
976
976
953
953
984
984
927
927
1046
1046
979
979
1086
1086
973
973
993
993
941
941
1031
1031
1077
1077
959
959
952
952
1134
1134
966
966
876
876
1075
1075
1106
1106
1044
1044
893
893
890
890
1038
1038
963
963
