1002
926
1113
1034
1029
927
1097
934
1064
972
1046
959
1011
940
1002
1170
1008
1035
1004
1019
1036
1072
946
899
936
977
1065
845
1047
1012
1006
925
960
1017
1106
1056
946
933
1005
1064
996
1130
935
923
1015
984
955
938
953
983
944
1010
1007
961
1108
942
945
1073
964
903
972
956
1027
963
1000
972
1082
1033
980
1076
1059
957
889
964
910
934
991
859
933
1043
978
967
1071
954
1033
1122
1025
965
972
940
1044
884
960
1078
1013
1021
922
1056
1041
1046
912
1016
1056
1120
910
1149
975
1089
1089
874
10000
1018
957
1015
1112
875
964
980
942
923
907
915
942
1009
894
892
1049
1056
1142
1036
827
948
979
1008
934
1128
1032
969
960
924
1031
994
858
968
1027
986
928
920
953
953
943
1040
999
1085
960
1083
987
990
898
953
1011
930
1050
1037
1048
965
1101
984
1054
1114
979
1004
953
998
1062
995
976
953
984
927
1046
979
1086
973
993
941
1031
1077
959
952
1134
966
876
1075
1106
1044
893
890
1038
963
