1102
1026
1213
1134
1129
1027
1197
1034
1164
1072
1146
1059
1111
1040
1102
1270
1108
1135
1104
1119
1136
1172
1046
999
1036
1077
1165
945
1147
1112
1106
1025
1060
1117
1206
1156
1046
1033
1105
1164
1096
1230
1035
1023
1115
1084
1055
1038
1053
1083
1044
1110
1107
1061
1208
1042
1045
1173
1064
1003
1072
1056
1127
1063
1100
1072
1182
1133
1080
1176
1159
1057
989
1064
1010
1034
1091
959
1033
1143
1078
1067
1171
1054
1133
1222
1125
1065
1072
1040
1144
984
1060
1178
1113
1121
1022
1156
1141
1146
1012
1116
1156
1220
1010
1249
1075
1189
1189
974
1272
1118
1057
1115
1212
975
1064
1080
1042
1023
1007
1015
1042
1109
994
992
1149
1156
1242
1136
927
1048
1079
1108
1034
1228
1132
1069
1060
1024
1131
1094
958
1068
1127
1086
1028
1020
1053
1053
1043
1140
1099
1185
1060
1183
1087
1090
998
1053
1111
1030
1150
1137
1148
1065
1201
1084
1154
1214
1079
1104
1053
1098
1162
1095
1076
1053
1084
1027
1146
1079
1186
1073
1093
1041
1131
1177
1059
1052
1234
1066
976
1175
1206
1144
993
990
1138
1063
