2998
3074
2887
2966
2971
3073
2903
3066
2936
3028
2954
3041
2989
3060
2998
2830
2992
2965
2996
2981
2964
2928
3054
3101
3064
3023
2935
3155
2953
2988
2994
3075
3040
2983
2894
2944
3054
3067
2995
2936
3004
2870
3065
3077
2985
3016
3045
3062
3047
3017
3056
2990
2993
3039
2892
3058
3055
2927
3036
3097
3028
3044
2973
3037
3000
3028
2918
2967
3020
2924
2941
3043
3111
3036
3090
3066
3009
3141
3067
2957
3022
3033
2929
3046
2967
2878
2975
3035
3028
3060
2956
3116
3040
2922
2987
2979
3078
2944
2959
2954
3088
2984
2944
2880
3090
2851
3025
2911
2911
3126
2828
2982
3043
2985
2888
3125
3036
3020
3058
3077
3093
3085
3058
2991
3106
3108
2951
2944
2858
2964
3173
3052
3021
2992
3066
2872
2968
3031
3040
3076
2969
3006
3142
3032
2973
3014
3072
3080
3047
3047
3057
2960
3001
2915
3040
2917
3013
3010
3102
3047
2989
3070
2950
2963
2952
3035
2899
3016
2946
2886
3021
2996
3047
3002
2938
3005
3024
3047
3016
3073
2954
3021
2914
3027
3007
3059
2969
2923
3041
3048
2866
3034
3124
2925
2894
2956
3107
3110
2962
3037
