2004
1852
2226
2068
2058
1854
2194
1868
2128
1944
2092
1918
2022
1880
2004
2340
2016
2070
2008
2038
2072
2144
1892
1798
1872
1954
2130
1690
2094
2024
2012
1850
1920
2034
2212
2112
1892
1866
2010
2128
1992
2260
1870
1846
2030
1968
1910
1876
1906
1966
1888
2020
2014
1922
2216
1884
1890
2146
1928
1806
1944
1912
2054
1926
2000
1944
2164
2066
1960
2152
2118
1914
1778
1928
1820
1868
1982
1718
1866
2086
1956
1934
2142
1908
2066
2244
2050
1930
1944
1880
2088
1768
1920
2156
2026
2042
1844
2112
2082
2092
1824
2032
2112
2240
1820
2298
1950
2178
2178
1748
2344
2036
1914
2030
2224
1750
1928
1960
1884
1846
1814
1830
1884
2018
1788
1784
2098
2112
2284
2072
1654
1896
1958
2016
1868
2256
2064
1938
1920
1848
2062
1988
1716
1936
2054
1972
1856
1840
1906
1906
1886
2080
1998
2170
1920
2166
1974
1980
1796
1906
2022
1860
2100
2074
2096
1930
2202
1968
2108
2228
1958
2008
1906
1996
2124
1990
1952
1906
1968
1854
2092
1958
2172
1946
1986
1882
2062
2154
1918
1904
2268
1932
1752
2150
2212
2088
1786
1780
2076
1926
